Iter   | x            | df(x)        | a*df(x)      | x_new        | f(x)         |
----------------------------------------------------------------------
1      | 0.00000      | -4.00000     | -0.20000     | 0.20000      | 7.24000     
2      | 0.20000      | -3.60000     | -0.18000     | 0.38000      | 6.62440     
3      | 0.38000      | -3.24000     | -0.16200     | 0.54200      | 6.12576     
4      | 0.54200      | -2.91600     | -0.14580     | 0.68780      | 5.72187     
5      | 0.68780      | -2.62440     | -0.13122     | 0.81902      | 5.39471     
6      | 0.81902      | -2.36196     | -0.11810     | 0.93712      | 5.12972     
7      | 0.93712      | -2.12576     | -0.10629     | 1.04341      | 4.91507     
8      | 1.04341      | -1.91319     | -0.09566     | 1.13907      | 4.74121     
9      | 1.13907      | -1.72187     | -0.08609     | 1.22516      | 4.60038     
10     | 1.22516      | -1.54968     | -0.07748     | 1.30264      | 4.48631     
11     | 1.30264      | -1.39471     | -0.06974     | 1.37238      | 4.39391     
12     | 1.37238      | -1.25524     | -0.06276     | 1.43514      | 4.31907     
13     | 1.43514      | -1.12972     | -0.05649     | 1.49163      | 4.25844     
14     | 1.49163      | -1.01675     | -0.05084     | 1.54246      | 4.20934     
15     | 1.54246      | -0.91507     | -0.04575     | 1.58822      | 4.16956     
16     | 1.58822      | -0.82356     | -0.04118     | 1.62940      | 4.13735     
17     | 1.62940      | -0.74121     | -0.03706     | 1.66646      | 4.11125     
18     | 1.66646      | -0.66709     | -0.03335     | 1.69981      | 4.09011     
19     | 1.69981      | -0.60038     | -0.03002     | 1.72983      | 4.07299     
20     | 1.72983      | -0.54034     | -0.02702     | 1.75685      | 4.05912     
21     | 1.75685      | -0.48631     | -0.02432     | 1.78116      | 4.04789     
22     | 1.78116      | -0.43768     | -0.02188     | 1.80305      | 4.03879     
23     | 1.80305      | -0.39391     | -0.01970     | 1.82274      | 4.03142     
24     | 1.82274      | -0.35452     | -0.01773     | 1.84047      | 4.02545     
25     | 1.84047      | -0.31907     | -0.01595     | 1.85642      | 4.02062     
26     | 1.85642      | -0.28716     | -0.01436     | 1.87078      | 4.01670     
27     | 1.87078      | -0.25844     | -0.01292     | 1.88370      | 4.01353     
28     | 1.88370      | -0.23260     | -0.01163     | 1.89533      | 4.01096     
29     | 1.89533      | -0.20934     | -0.01047     | 1.90580      | 4.00887     
30     | 1.90580      | -0.18841     | -0.00942     | 1.91522      | 4.00719     
31     | 1.91522      | -0.16956     | -0.00848     | 1.92370      | 4.00582     
32     | 1.92370      | -0.15261     | -0.00763     | 1.93133      | 4.00472     
33     | 1.93133      | -0.13735     | -0.00687     | 1.93819      | 4.00382     
34     | 1.93819      | -0.12361     | -0.00618     | 1.94437      | 4.00309     
35     | 1.94437      | -0.11125     | -0.00556     | 1.94994      | 4.00251     
36     | 1.94994      | -0.10013     | -0.00501     | 1.95494      | 4.00203     
37     | 1.95494      | -0.09011     | -0.00451     | 1.95945      | 4.00164     
38     | 1.95945      | -0.08110     | -0.00406     | 1.96350      | 4.00133     
39     | 1.96350      | -0.07299     | -0.00365     | 1.96715      | 4.00108     
40     | 1.96715      | -0.06569     | -0.00328     | 1.97044      | 4.00087     
41     | 1.97044      | -0.05912     | -0.00296     | 1.97339      | 4.00071     
42     | 1.97339      | -0.05321     | -0.00266     | 1.97605      | 4.00057     
43     | 1.97605      | -0.04789     | -0.00239     | 1.97845      | 4.00046     
44     | 1.97845      | -0.04310     | -0.00216     | 1.98060      | 4.00038     
45     | 1.98060      | -0.03879     | -0.00194     | 1.98254      | 4.00030     
46     | 1.98254      | -0.03491     | -0.00175     | 1.98429      | 4.00025     
47     | 1.98429      | -0.03142     | -0.00157     | 1.98586      | 4.00020     
48     | 1.98586      | -0.02828     | -0.00141     | 1.98727      | 4.00016     
49     | 1.98727      | -0.02545     | -0.00127     | 1.98855      | 4.00013     
50     | 1.98855      | -0.02291     | -0.00115     | 1.98969      | 4.00011     
Iter   | x            | df(x)        | a*df(x)      | x_new        | f(x)         |
----------------------------------------------------------------------
1      | 0.00000      | -4.00000     | -0.28000     | 0.28000      | 6.95840     
2      | 0.28000      | -3.44000     | -0.24080     | 0.52080      | 6.18803     
3      | 0.52080      | -2.95840     | -0.20709     | 0.72789      | 5.61827     
4      | 0.72789      | -2.54422     | -0.17810     | 0.90598      | 5.19687     
5      | 0.90598      | -2.18803     | -0.15316     | 1.05915      | 4.88521     
6      | 1.05915      | -1.88171     | -0.13172     | 1.19087      | 4.65470     
7      | 1.19087      | -1.61827     | -0.11328     | 1.30414      | 4.48422     
8      | 1.30414      | -1.39171     | -0.09742     | 1.40156      | 4.35813     
9      | 1.40156      | -1.19687     | -0.08378     | 1.48535      | 4.26487     
10     | 1.48535      | -1.02931     | -0.07205     | 1.55740      | 4.19590     
11     | 1.55740      | -0.88521     | -0.06196     | 1.61936      | 4.14489     
12     | 1.61936      | -0.76128     | -0.05329     | 1.67265      | 4.10716     
13     | 1.67265      | -0.65470     | -0.04583     | 1.71848      | 4.07925     
14     | 1.71848      | -0.56304     | -0.03941     | 1.75789      | 4.05862     
15     | 1.75789      | -0.48422     | -0.03390     | 1.79179      | 4.04335     
16     | 1.79179      | -0.41642     | -0.02915     | 1.82094      | 4.03206     
17     | 1.82094      | -0.35813     | -0.02507     | 1.84601      | 4.02371     
18     | 1.84601      | -0.30799     | -0.02156     | 1.86757      | 4.01754     
19     | 1.86757      | -0.26487     | -0.01854     | 1.88611      | 4.01297     
20     | 1.88611      | -0.22779     | -0.01595     | 1.90205      | 4.00959     
21     | 1.90205      | -0.19590     | -0.01371     | 1.91576      | 4.00710     
22     | 1.91576      | -0.16847     | -0.01179     | 1.92756      | 4.00525     
23     | 1.92756      | -0.14489     | -0.01014     | 1.93770      | 4.00388     
24     | 1.93770      | -0.12460     | -0.00872     | 1.94642      | 4.00287     
25     | 1.94642      | -0.10716     | -0.00750     | 1.95392      | 4.00212     
26     | 1.95392      | -0.09216     | -0.00645     | 1.96037      | 4.00157     
27     | 1.96037      | -0.07925     | -0.00555     | 1.96592      | 4.00116     
28     | 1.96592      | -0.06816     | -0.00477     | 1.97069      | 4.00086     
29     | 1.97069      | -0.05862     | -0.00410     | 1.97480      | 4.00064     
30     | 1.97480      | -0.05041     | -0.00353     | 1.97832      | 4.00047     
31     | 1.97832      | -0.04335     | -0.00303     | 1.98136      | 4.00035     
32     | 1.98136      | -0.03728     | -0.00261     | 1.98397      | 4.00026     
33     | 1.98397      | -0.03206     | -0.00224     | 1.98621      | 4.00019     
34     | 1.98621      | -0.02757     | -0.00193     | 1.98814      | 4.00014     
35     | 1.98814      | -0.02371     | -0.00166     | 1.98980      | 4.00010     
36     | 1.98980      | -0.02039     | -0.00143     | 1.99123      | 4.00008     
37     | 1.99123      | -0.01754     | -0.00123     | 1.99246      | 4.00006     
38     | 1.99246      | -0.01508     | -0.00106     | 1.99351      | 4.00004     
39     | 1.99351      | -0.01297     | -0.00091     | 1.99442      | 4.00003     
40     | 1.99442      | -0.01116     | -0.00078     | 1.99520      | 4.00002     
41     | 1.99520      | -0.00959     | -0.00067     | 1.99587      | 4.00002     
42     | 1.99587      | -0.00825     | -0.00058     | 1.99645      | 4.00001     
43     | 1.99645      | -0.00710     | -0.00050     | 1.99695      | 4.00001     
44     | 1.99695      | -0.00610     | -0.00043     | 1.99738      | 4.00001     
45     | 1.99738      | -0.00525     | -0.00037     | 1.99774      | 4.00001     
46     | 1.99774      | -0.00451     | -0.00032     | 1.99806      | 4.00000     
47     | 1.99806      | -0.00388     | -0.00027     | 1.99833      | 4.00000     
48     | 1.99833      | -0.00334     | -0.00023     | 1.99856      | 4.00000     
49     | 1.99856      | -0.00287     | -0.00020     | 1.99877      | 4.00000     
50     | 1.99877      | -0.00247     | -0.00017     | 1.99894      | 4.00000     
Iter   | x            | df(x)        | a*df(x)      | x_new        | f(x)         |
----------------------------------------------------------------------
1      | 0.00000      | -4.00000     | -0.40000     | 0.40000      | 6.56000     
2      | 0.40000      | -3.20000     | -0.32000     | 0.72000      | 5.63840     
3      | 0.72000      | -2.56000     | -0.25600     | 0.97600      | 5.04858     
4      | 0.97600      | -2.04800     | -0.20480     | 1.18080      | 4.67109     
5      | 1.18080      | -1.63840     | -0.16384     | 1.34464      | 4.42950     
6      | 1.34464      | -1.31072     | -0.13107     | 1.47571      | 4.27488     
7      | 1.47571      | -1.04858     | -0.10486     | 1.58057      | 4.17592     
8      | 1.58057      | -0.83886     | -0.08389     | 1.66446      | 4.11259     
9      | 1.66446      | -0.67109     | -0.06711     | 1.73156      | 4.07206     
10     | 1.73156      | -0.53687     | -0.05369     | 1.78525      | 4.04612     
11     | 1.78525      | -0.42950     | -0.04295     | 1.82820      | 4.02951     
12     | 1.82820      | -0.34360     | -0.03436     | 1.86256      | 4.01889     
13     | 1.86256      | -0.27488     | -0.02749     | 1.89005      | 4.01209     
14     | 1.89005      | -0.21990     | -0.02199     | 1.91204      | 4.00774     
15     | 1.91204      | -0.17592     | -0.01759     | 1.92963      | 4.00495     
16     | 1.92963      | -0.14074     | -0.01407     | 1.94371      | 4.00317     
17     | 1.94371      | -0.11259     | -0.01126     | 1.95496      | 4.00203     
18     | 1.95496      | -0.09007     | -0.00901     | 1.96397      | 4.00130     
19     | 1.96397      | -0.07206     | -0.00721     | 1.97118      | 4.00083     
20     | 1.97118      | -0.05765     | -0.00576     | 1.97694      | 4.00053     
21     | 1.97694      | -0.04612     | -0.00461     | 1.98155      | 4.00034     
22     | 1.98155      | -0.03689     | -0.00369     | 1.98524      | 4.00022     
23     | 1.98524      | -0.02951     | -0.00295     | 1.98819      | 4.00014     
24     | 1.98819      | -0.02361     | -0.00236     | 1.99056      | 4.00009     
25     | 1.99056      | -0.01889     | -0.00189     | 1.99244      | 4.00006     
26     | 1.99244      | -0.01511     | -0.00151     | 1.99396      | 4.00004     
27     | 1.99396      | -0.01209     | -0.00121     | 1.99516      | 4.00002     
28     | 1.99516      | -0.00967     | -0.00097     | 1.99613      | 4.00001     
29     | 1.99613      | -0.00774     | -0.00077     | 1.99691      | 4.00001     
30     | 1.99691      | -0.00619     | -0.00062     | 1.99752      | 4.00001     
31     | 1.99752      | -0.00495     | -0.00050     | 1.99802      | 4.00000     
32     | 1.99802      | -0.00396     | -0.00040     | 1.99842      | 4.00000     
33     | 1.99842      | -0.00317     | -0.00032     | 1.99873      | 4.00000     
34     | 1.99873      | -0.00254     | -0.00025     | 1.99899      | 4.00000     
35     | 1.99899      | -0.00203     | -0.00020     | 1.99919      | 4.00000     
36     | 1.99919      | -0.00162     | -0.00016     | 1.99935      | 4.00000     
37     | 1.99935      | -0.00130     | -0.00013     | 1.99948      | 4.00000     
38     | 1.99948      | -0.00104     | -0.00010     | 1.99958      | 4.00000     
39     | 1.99958      | -0.00083     | -0.00008     | 1.99967      | 4.00000     
40     | 1.99967      | -0.00066     | -0.00007     | 1.99973      | 4.00000     
41     | 1.99973      | -0.00053     | -0.00005     | 1.99979      | 4.00000     
42     | 1.99979      | -0.00043     | -0.00004     | 1.99983      | 4.00000     
43     | 1.99983      | -0.00034     | -0.00003     | 1.99986      | 4.00000     
44     | 1.99986      | -0.00027     | -0.00003     | 1.99989      | 4.00000     
45     | 1.99989      | -0.00022     | -0.00002     | 1.99991      | 4.00000     
46     | 1.99991      | -0.00017     | -0.00002     | 1.99993      | 4.00000     
47     | 1.99993      | -0.00014     | -0.00001     | 1.99994      | 4.00000     
48     | 1.99994      | -0.00011     | -0.00001     | 1.99996      | 4.00000     
49     | 1.99996      | -0.00009     | -0.00001     | 1.99996      | 4.00000     
50     | 1.99996      | -0.00007     | -0.00001     | 1.99997      | 4.00000     
Iter   | x            | df(x)        | a*df(x)      | x_new        | f(x)         |
----------------------------------------------------------------------
1      | 0.00000      | -4.00000     | -0.80000     | 0.80000      | 5.44000     
2      | 0.80000      | -2.40000     | -0.48000     | 1.28000      | 4.51840     
3      | 1.28000      | -1.44000     | -0.28800     | 1.56800      | 4.18662     
4      | 1.56800      | -0.86400     | -0.17280     | 1.74080      | 4.06718     
5      | 1.74080      | -0.51840     | -0.10368     | 1.84448      | 4.02419     
6      | 1.84448      | -0.31104     | -0.06221     | 1.90669      | 4.00871     
7      | 1.90669      | -0.18662     | -0.03732     | 1.94401      | 4.00313     
8      | 1.94401      | -0.11197     | -0.02239     | 1.96641      | 4.00113     
9      | 1.96641      | -0.06718     | -0.01344     | 1.97984      | 4.00041     
10     | 1.97984      | -0.04031     | -0.00806     | 1.98791      | 4.00015     
11     | 1.98791      | -0.02419     | -0.00484     | 1.99274      | 4.00005     
12     | 1.99274      | -0.01451     | -0.00290     | 1.99565      | 4.00002     
13     | 1.99565      | -0.00871     | -0.00174     | 1.99739      | 4.00001     
14     | 1.99739      | -0.00522     | -0.00104     | 1.99843      | 4.00000     
15     | 1.99843      | -0.00313     | -0.00063     | 1.99906      | 4.00000     
16     | 1.99906      | -0.00188     | -0.00038     | 1.99944      | 4.00000     
17     | 1.99944      | -0.00113     | -0.00023     | 1.99966      | 4.00000     
18     | 1.99966      | -0.00068     | -0.00014     | 1.99980      | 4.00000     
19     | 1.99980      | -0.00041     | -0.00008     | 1.99988      | 4.00000     
20     | 1.99988      | -0.00024     | -0.00005     | 1.99993      | 4.00000     
21     | 1.99993      | -0.00015     | -0.00003     | 1.99996      | 4.00000     
22     | 1.99996      | -0.00009     | -0.00002     | 1.99997      | 4.00000     
23     | 1.99997      | -0.00005     | -0.00001     | 1.99998      | 4.00000     
24     | 1.99998      | -0.00003     | -0.00001     | 1.99999      | 4.00000     
25     | 1.99999      | -0.00002     | -0.00000     | 1.99999      | 4.00000     
26     | 1.99999      | -0.00001     | -0.00000     | 2.00000      | 4.00000     
27     | 2.00000      | -0.00001     | -0.00000     | 2.00000      | 4.00000     
28     | 2.00000      | -0.00000     | -0.00000     | 2.00000      | 4.00000     
29     | 2.00000      | -0.00000     | -0.00000     | 2.00000      | 4.00000     
30     | 2.00000      | -0.00000     | -0.00000     | 2.00000      | 4.00000     
31     | 2.00000      | -0.00000     | -0.00000     | 2.00000      | 4.00000     
32     | 2.00000      | -0.00000     | -0.00000     | 2.00000      | 4.00000     
33     | 2.00000      | -0.00000     | -0.00000     | 2.00000      | 4.00000     
34     | 2.00000      | -0.00000     | -0.00000     | 2.00000      | 4.00000     
35     | 2.00000      | -0.00000     | -0.00000     | 2.00000      | 4.00000     
36     | 2.00000      | -0.00000     | -0.00000     | 2.00000      | 4.00000     
37     | 2.00000      | -0.00000     | -0.00000     | 2.00000      | 4.00000     
38     | 2.00000      | -0.00000     | -0.00000     | 2.00000      | 4.00000     
39     | 2.00000      | -0.00000     | -0.00000     | 2.00000      | 4.00000     
40     | 2.00000      | -0.00000     | -0.00000     | 2.00000      | 4.00000     
41     | 2.00000      | -0.00000     | -0.00000     | 2.00000      | 4.00000     
42     | 2.00000      | -0.00000     | -0.00000     | 2.00000      | 4.00000     
43     | 2.00000      | -0.00000     | -0.00000     | 2.00000      | 4.00000     
44     | 2.00000      | -0.00000     | -0.00000     | 2.00000      | 4.00000     
45     | 2.00000      | -0.00000     | -0.00000     | 2.00000      | 4.00000     
46     | 2.00000      | -0.00000     | -0.00000     | 2.00000      | 4.00000     
47     | 2.00000      | -0.00000     | -0.00000     | 2.00000      | 4.00000     
48     | 2.00000      | -0.00000     | -0.00000     | 2.00000      | 4.00000     
49     | 2.00000      | -0.00000     | -0.00000     | 2.00000      | 4.00000     
50     | 2.00000      | -0.00000     | -0.00000     | 2.00000      | 4.00000     
Iter   | x            | df(x)        | a*df(x)      | x_new        | f(x)         |
----------------------------------------------------------------------
1      | 0.00000      | -4.00000     | -1.20000     | 1.20000      | 4.64000     
2      | 1.20000      | -1.60000     | -0.48000     | 1.68000      | 4.10240     
3      | 1.68000      | -0.64000     | -0.19200     | 1.87200      | 4.01638     
4      | 1.87200      | -0.25600     | -0.07680     | 1.94880      | 4.00262     
5      | 1.94880      | -0.10240     | -0.03072     | 1.97952      | 4.00042     
6      | 1.97952      | -0.04096     | -0.01229     | 1.99181      | 4.00007     
7      | 1.99181      | -0.01638     | -0.00492     | 1.99672      | 4.00001     
8      | 1.99672      | -0.00655     | -0.00197     | 1.99869      | 4.00000     
9      | 1.99869      | -0.00262     | -0.00079     | 1.99948      | 4.00000     
10     | 1.99948      | -0.00105     | -0.00031     | 1.99979      | 4.00000     
11     | 1.99979      | -0.00042     | -0.00013     | 1.99992      | 4.00000     
12     | 1.99992      | -0.00017     | -0.00005     | 1.99997      | 4.00000     
13     | 1.99997      | -0.00007     | -0.00002     | 1.99999      | 4.00000     
14     | 1.99999      | -0.00003     | -0.00001     | 1.99999      | 4.00000     
15     | 1.99999      | -0.00001     | -0.00000     | 2.00000      | 4.00000     
16     | 2.00000      | -0.00000     | -0.00000     | 2.00000      | 4.00000     
17     | 2.00000      | -0.00000     | -0.00000     | 2.00000      | 4.00000     
18     | 2.00000      | -0.00000     | -0.00000     | 2.00000      | 4.00000     
19     | 2.00000      | -0.00000     | -0.00000     | 2.00000      | 4.00000     
20     | 2.00000      | -0.00000     | -0.00000     | 2.00000      | 4.00000     
21     | 2.00000      | -0.00000     | -0.00000     | 2.00000      | 4.00000     
22     | 2.00000      | -0.00000     | -0.00000     | 2.00000      | 4.00000     
23     | 2.00000      | -0.00000     | -0.00000     | 2.00000      | 4.00000     
24     | 2.00000      | -0.00000     | -0.00000     | 2.00000      | 4.00000     
25     | 2.00000      | -0.00000     | -0.00000     | 2.00000      | 4.00000     
26     | 2.00000      | -0.00000     | -0.00000     | 2.00000      | 4.00000     
27     | 2.00000      | -0.00000     | -0.00000     | 2.00000      | 4.00000     
28     | 2.00000      | -0.00000     | -0.00000     | 2.00000      | 4.00000     
29     | 2.00000      | -0.00000     | -0.00000     | 2.00000      | 4.00000     
30     | 2.00000      | -0.00000     | -0.00000     | 2.00000      | 4.00000     
31     | 2.00000      | -0.00000     | -0.00000     | 2.00000      | 4.00000     
32     | 2.00000      | -0.00000     | -0.00000     | 2.00000      | 4.00000     
33     | 2.00000      | -0.00000     | -0.00000     | 2.00000      | 4.00000     
34     | 2.00000      | -0.00000     | -0.00000     | 2.00000      | 4.00000     
35     | 2.00000      | -0.00000     | -0.00000     | 2.00000      | 4.00000     
36     | 2.00000      | -0.00000     | -0.00000     | 2.00000      | 4.00000     
37     | 2.00000      | -0.00000     | -0.00000     | 2.00000      | 4.00000     
38     | 2.00000      | -0.00000     | -0.00000     | 2.00000      | 4.00000     
39     | 2.00000      | -0.00000     | -0.00000     | 2.00000      | 4.00000     
40     | 2.00000      | -0.00000     | -0.00000     | 2.00000      | 4.00000     
41     | 2.00000      | -0.00000     | -0.00000     | 2.00000      | 4.00000     
42     | 2.00000      | 0.00000      | 0.00000      | 2.00000      | 4.00000     
43     | 2.00000      | 0.00000      | 0.00000      | 2.00000      | 4.00000     
44     | 2.00000      | 0.00000      | 0.00000      | 2.00000      | 4.00000     
45     | 2.00000      | 0.00000      | 0.00000      | 2.00000      | 4.00000     
46     | 2.00000      | 0.00000      | 0.00000      | 2.00000      | 4.00000     
47     | 2.00000      | 0.00000      | 0.00000      | 2.00000      | 4.00000     
48     | 2.00000      | 0.00000      | 0.00000      | 2.00000      | 4.00000     
49     | 2.00000      | 0.00000      | 0.00000      | 2.00000      | 4.00000     
50     | 2.00000      | 0.00000      | 0.00000      | 2.00000      | 4.00000     
Iter   | x            | df(x)        | a*df(x)      | x_new        | f(x)         |
----------------------------------------------------------------------
1      | 0.00000      | -4.00000     | -3.96000     | 3.96000      | 7.84160     
2      | 3.96000      | 3.92000      | 3.88080      | 0.07920      | 7.68947     
3      | 0.07920      | -3.84160     | -3.80318     | 3.88238      | 7.54337     
4      | 3.88238      | 3.76477      | 3.72712      | 0.15526      | 7.40305     
5      | 0.15526      | -3.68947     | -3.65258     | 3.80784      | 7.26829     
6      | 3.80784      | 3.61568      | 3.57953      | 0.22832      | 7.13887     
7      | 0.22832      | -3.54337     | -3.50794     | 3.73625      | 7.01457     
8      | 3.73625      | 3.47250      | 3.43778      | 0.29847      | 6.89519     
9      | 0.29847      | -3.40305     | -3.36902     | 3.66750      | 6.78054     
10     | 3.66750      | 3.33499      | 3.30164      | 0.36585      | 6.67043     
11     | 0.36585      | -3.26829     | -3.23561     | 3.60146      | 6.56468     
12     | 3.60146      | 3.20293      | 3.17090      | 0.43057      | 6.46312     
13     | 0.43057      | -3.13887     | -3.10748     | 3.53804      | 6.36558     
14     | 3.53804      | 3.07609      | 3.04533      | 0.49272      | 6.27190     
15     | 0.49272      | -3.01457     | -2.98442     | 3.47714      | 6.18194     
16     | 3.47714      | 2.95428      | 2.92473      | 0.55240      | 6.09553     
17     | 0.55240      | -2.89519     | -2.86624     | 3.41864      | 6.01255     
18     | 3.41864      | 2.83729      | 2.80891      | 0.60973      | 5.93285     
19     | 0.60973      | -2.78054     | -2.75274     | 3.36247      | 5.85631     
20     | 3.36247      | 2.72493      | 2.69768      | 0.66478      | 5.78280     
21     | 0.66478      | -2.67043     | -2.64373     | 3.30851      | 5.71220     
22     | 3.30851      | 2.61702      | 2.59085      | 0.71766      | 5.64440     
23     | 0.71766      | -2.56468     | -2.53904     | 3.25669      | 5.57928     
24     | 3.25669      | 2.51339      | 2.48826      | 0.76844      | 5.51674     
25     | 0.76844      | -2.46312     | -2.43849     | 3.20693      | 5.45668     
26     | 3.20693      | 2.41386      | 2.38972      | 0.81721      | 5.39899     
27     | 0.81721      | -2.36558     | -2.34193     | 3.15914      | 5.34359     
28     | 3.15914      | 2.31827      | 2.29509      | 0.86405      | 5.29039     
29     | 0.86405      | -2.27190     | -2.24919     | 3.11323      | 5.23929     
30     | 3.11323      | 2.22647      | 2.20420      | 0.90903      | 5.19021     
31     | 0.90903      | -2.18194     | -2.16012     | 3.06915      | 5.14308     
32     | 3.06915      | 2.13830      | 2.11692      | 0.95223      | 5.09781     
33     | 0.95223      | -2.09553     | -2.07458     | 3.02681      | 5.05434     
34     | 3.02681      | 2.05362      | 2.03309      | 0.99373      | 5.01259     
35     | 0.99373      | -2.01255     | -1.99242     | 2.98615      | 4.97249     
36     | 2.98615      | 1.97230      | 1.95258      | 1.03357      | 4.93398     
37     | 1.03357      | -1.93285     | -1.91352     | 2.94710      | 4.89699     
38     | 2.94710      | 1.89420      | 1.87525      | 1.07184      | 4.86147     
39     | 1.07184      | -1.85631     | -1.83775     | 2.90959      | 4.82736     
40     | 2.90959      | 1.81919      | 1.80099      | 1.10860      | 4.79460     
41     | 1.10860      | -1.78280     | -1.76497     | 2.87357      | 4.76313     
42     | 2.87357      | 1.74715      | 1.72967      | 1.14390      | 4.73291     
43     | 1.14390      | -1.71220     | -1.69508     | 2.83898      | 4.70389     
44     | 2.83898      | 1.67796      | 1.66118      | 1.17780      | 4.67601     
45     | 1.17780      | -1.64440     | -1.62796     | 2.80576      | 4.64924     
46     | 2.80576      | 1.61151      | 1.59540      | 1.21036      | 4.62353     
47     | 1.21036      | -1.57928     | -1.56349     | 2.77385      | 4.59884     
48     | 2.77385      | 1.54770      | 1.53222      | 1.24163      | 4.57513     
49     | 1.24163      | -1.51674     | -1.50157     | 2.74320      | 4.55235     
50     | 2.74320      | 1.48641      | 1.47154      | 1.27166      | 4.53048     
51     | 1.27166      | -1.45668     | -1.44211     | 2.71377      | 4.50947     
52     | 2.71377      | 1.42755      | 1.41327      | 1.30050      | 4.48930     
53     | 1.30050      | -1.39899     | -1.38500     | 2.68551      | 4.46992     
54     | 2.68551      | 1.37101      | 1.35730      | 1.32820      | 4.45131     
55     | 1.32820      | -1.34359     | -1.33016     | 2.65836      | 4.43344     
56     | 2.65836      | 1.31672      | 1.30355      | 1.35481      | 4.41628     
57     | 1.35481      | -1.29039     | -1.27748     | 2.63229      | 4.39979     
58     | 2.63229      | 1.26458      | 1.25193      | 1.38036      | 4.38396     
59     | 1.38036      | -1.23929     | -1.22690     | 2.60725      | 4.36875     
60     | 2.60725      | 1.21450      | 1.20236      | 1.40489      | 4.35415     
61     | 1.40489      | -1.19021     | -1.17831     | 2.58320      | 4.34013     
62     | 2.58320      | 1.16641      | 1.15474      | 1.42846      | 4.32666     
63     | 1.42846      | -1.14308     | -1.13165     | 2.56011      | 4.31372     
64     | 2.56011      | 1.12022      | 1.10902      | 1.45109      | 4.30130     
65     | 1.45109      | -1.09781     | -1.08684     | 2.53793      | 4.28937     
66     | 2.53793      | 1.07586      | 1.06510      | 1.47283      | 4.27791     
67     | 1.47283      | -1.05434     | -1.04380     | 2.51663      | 4.26690     
68     | 2.51663      | 1.03325      | 1.02292      | 1.49371      | 4.25633     
69     | 1.49371      | -1.01259     | -1.00246     | 2.49617      | 4.24618     
70     | 2.49617      | 0.99234      | 0.98241      | 1.51375      | 4.23643     
71     | 1.51375      | -0.97249     | -0.96277     | 2.47652      | 4.22707     
72     | 2.47652      | 0.95304      | 0.94351      | 1.53301      | 4.21808     
73     | 1.53301      | -0.93398     | -0.92464     | 2.45765      | 4.20944     
74     | 2.45765      | 0.91530      | 0.90615      | 1.55150      | 4.20115     
75     | 1.55150      | -0.89699     | -0.88802     | 2.43953      | 4.19318     
76     | 2.43953      | 0.87905      | 0.87026      | 1.56926      | 4.18553     
77     | 1.56926      | -0.86147     | -0.85286     | 2.42212      | 4.17819     
78     | 2.42212      | 0.84424      | 0.83580      | 1.58632      | 4.17113     
79     | 1.58632      | -0.82736     | -0.81909     | 2.40541      | 4.16435     
80     | 2.40541      | 0.81081      | 0.80270      | 1.60270      | 4.15785     
81     | 1.60270      | -0.79460     | -0.78665     | 2.38935      | 4.15159     
82     | 2.38935      | 0.77870      | 0.77092      | 1.61844      | 4.14559     
83     | 1.61844      | -0.76313     | -0.75550     | 2.37393      | 4.13983     
84     | 2.37393      | 0.74787      | 0.74039      | 1.63355      | 4.13429     
85     | 1.63355      | -0.73291     | -0.72558     | 2.35913      | 4.12897     
86     | 2.35913      | 0.71825      | 0.71107      | 1.64806      | 4.12386     
87     | 1.64806      | -0.70389     | -0.69685     | 2.34490      | 4.11896     
88     | 2.34490      | 0.68981      | 0.68291      | 1.66199      | 4.11425     
89     | 1.66199      | -0.67601     | -0.66925     | 2.33125      | 4.10972     
90     | 2.33125      | 0.66249      | 0.65587      | 1.67538      | 4.10538     
91     | 1.67538      | -0.64924     | -0.64275     | 2.31813      | 4.10121     
92     | 2.31813      | 0.63626      | 0.62989      | 1.68823      | 4.09720     
93     | 1.68823      | -0.62353     | -0.61730     | 2.30553      | 4.09335     
94     | 2.30553      | 0.61106      | 0.60495      | 1.70058      | 4.08965     
95     | 1.70058      | -0.59884     | -0.59285     | 2.29343      | 4.08610     
96     | 2.29343      | 0.58686      | 0.58099      | 1.71244      | 4.08269     
97     | 1.71244      | -0.57513     | -0.56938     | 2.28181      | 4.07942     
98     | 2.28181      | 0.56362      | 0.55799      | 1.72382      | 4.07627     
99     | 1.72382      | -0.55235     | -0.54683     | 2.27065      | 4.07325     
100    | 2.27065      | 0.54130      | 0.53589      | 1.73476      | 4.07035  